InterpCrv
3.03299,.00000,1.50000
3.03299,.00000,1.50781
3.03299,.00000,1.50781
enter
InterpCrv
3.07299,.07098,1.50000
3.07299,.07098,1.50781
3.07299,.07028,1.51281
3.07299,.06811,1.51781
3.07299,.06433,1.52281
3.07299,.05864,1.52781
3.07299,.05039,1.53281
3.07299,.03793,1.53781
3.07299,.01178,1.54281
3.07299,.00000,1.54331
enter
InterpCrv
3.11299,.09083,1.50000
3.11299,.09083,1.50781
3.11299,.09028,1.51281
3.11299,.08860,1.51781
3.11299,.08573,1.52281
3.11299,.08155,1.52781
3.11299,.07583,1.53281
3.11299,.06819,1.53781
3.11299,.05788,1.54281
3.11299,.04302,1.54781
3.11299,.01227,1.55281
3.11299,.00000,1.55323
enter
InterpCrv
3.15299,.10083,1.50000
3.15299,.10083,1.50781
3.15299,.10033,1.51281
3.15299,.09883,1.51781
3.15299,.09626,1.52281
3.15299,.09256,1.52781
3.15299,.08756,1.53281
3.15299,.08104,1.53781
3.15299,.07257,1.54281
3.15299,.06137,1.54781
3.15299,.04546,1.55281
3.15299,.01291,1.55781
3.15299,.00000,1.55823
enter
InterpCrv
3.19299,.10588,1.50000
3.19299,.10588,1.50781
3.19299,.10541,1.51281
3.19299,.10398,1.51781
3.19299,.10155,1.52281
3.19299,.09804,1.52781
3.19299,.09334,1.53281
3.19299,.08724,1.53781
3.19299,.07945,1.54281
3.19299,.06937,1.54781
3.19299,.05578,1.55281
3.19299,.03481,1.55781
3.19299,.03179,1.55831
3.19299,.02842,1.55881
3.19299,.02455,1.55931
3.19299,.01989,1.55981
3.19299,.01366,1.56031
3.19299,.00000,1.56076
enter
InterpCrv
3.23299,.10822,1.50000
3.23299,.10822,1.50781
3.23299,.10776,1.51281
3.23299,.10635,1.51781
3.23299,.10398,1.52281
3.23299,.10056,1.52781
3.23299,.09598,1.53281
3.23299,.09006,1.53781
3.23299,.08253,1.54281
3.23299,.07288,1.54781
3.23299,.06009,1.55281
3.23299,.04137,1.55781
3.23299,.03886,1.55831
3.23299,.03616,1.55881
3.23299,.03320,1.55931
3.23299,.02992,1.55981
3.23299,.02620,1.56031
3.23299,.02181,1.56081
3.23299,.01620,1.56131
3.23299,.00689,1.56181
3.23299,.00000,1.56192
enter
InterpCrv
3.27299,.10911,1.50000
3.27299,.10911,1.50781
3.27299,.10865,1.51281
3.27299,.10726,1.51781
3.27299,.10491,1.52281
3.27299,.10152,1.52781
3.27299,.09698,1.53281
3.27299,.09114,1.53781
3.27299,.08370,1.54281
3.27299,.07420,1.54781
3.27299,.06169,1.55281
3.27299,.04365,1.55781
3.27299,.04129,1.55831
3.27299,.03875,1.55881
3.27299,.03601,1.55931
3.27299,.03301,1.55981
3.27299,.02968,1.56031
3.27299,.02588,1.56081
3.27299,.02137,1.56131
3.27299,.01555,1.56181
3.27299,.00499,1.56231
3.27299,.00000,1.56237
enter
InterpCrv
3.31299,.10935,1.50000
3.31299,.10935,1.50781
3.31299,.10889,1.51281
3.31299,.10751,1.51781
3.31299,.10515,1.52281
3.31299,.10177,1.52781
3.31299,.09725,1.53281
3.31299,.09142,1.53781
3.31299,.08401,1.54281
3.31299,.07455,1.54781
3.31299,.06211,1.55281
3.31299,.04424,1.55781
3.31299,.04191,1.55831
3.31299,.03941,1.55881
3.31299,.03672,1.55931
3.31299,.03379,1.55981
3.31299,.03054,1.56031
3.31299,.02686,1.56081
3.31299,.02255,1.56131
3.31299,.01713,1.56181
3.31299,.00875,1.56231
3.31299,.00000,1.56249
enter
InterpCrv
3.35299,.10937,1.50000
3.35299,.10937,1.50781
3.35299,.10892,1.51281
3.35299,.10753,1.51781
3.35299,.10518,1.52281
3.35299,.10180,1.52781
3.35299,.09728,1.53281
3.35299,.09145,1.53781
3.35299,.08404,1.54281
3.35299,.07458,1.54781
3.35299,.06215,1.55281
3.35299,.04430,1.55781
3.35299,.04198,1.55831
3.35299,.03948,1.55881
3.35299,.03680,1.55931
3.35299,.03387,1.55981
3.35299,.03063,1.56031
3.35299,.02696,1.56081
3.35299,.02267,1.56131
3.35299,.01729,1.56181
3.35299,.00906,1.56231
3.35299,.00000,1.56250
enter
InterpCrv
3.39299,.10938,1.50000
3.39299,.10938,1.50781
3.39299,.10892,1.51281
3.39299,.10753,1.51781
3.39299,.10518,1.52281
3.39299,.10180,1.52781
3.39299,.09728,1.53281
3.39299,.09145,1.53781
3.39299,.08404,1.54281
3.39299,.07458,1.54781
3.39299,.06215,1.55281
3.39299,.04430,1.55781
3.39299,.04198,1.55831
3.39299,.03948,1.55881
3.39299,.03680,1.55931
3.39299,.03387,1.55981
3.39299,.03063,1.56031
3.39299,.02696,1.56081
3.39299,.02267,1.56131
3.39299,.01729,1.56181
3.39299,.00906,1.56231
3.39299,.00000,1.56250
enter
InterpCrv
3.43300,.10938,1.50000
3.43300,.10938,1.50781
3.43300,.10892,1.51281
3.43300,.10753,1.51781
3.43300,.10518,1.52281
3.43300,.10180,1.52781
3.43300,.09728,1.53281
3.43300,.09145,1.53781
3.43300,.08404,1.54281
3.43300,.07458,1.54781
3.43300,.06215,1.55281
3.43300,.04430,1.55781
3.43300,.04198,1.55831
3.43300,.03948,1.55881
3.43300,.03680,1.55931
3.43300,.03387,1.55981
3.43300,.03063,1.56031
3.43300,.02696,1.56081
3.43300,.02267,1.56131
3.43300,.01729,1.56181
3.43300,.00906,1.56231
3.43300,.00000,1.56250
enter
InterpCrv
3.47300,.10938,1.50000
3.47300,.10938,1.50781
3.47300,.10892,1.51281
3.47300,.10753,1.51781
3.47300,.10518,1.52281
3.47300,.10180,1.52781
3.47300,.09728,1.53281
3.47300,.09145,1.53781
3.47300,.08404,1.54281
3.47300,.07458,1.54781
3.47300,.06215,1.55281
3.47300,.04430,1.55781
3.47300,.04198,1.55831
3.47300,.03948,1.55881
3.47300,.03680,1.55931
3.47300,.03387,1.55981
3.47300,.03063,1.56031
3.47300,.02696,1.56081
3.47300,.02267,1.56131
3.47300,.01729,1.56181
3.47300,.00906,1.56231
3.47300,.00000,1.56250
enter
InterpCrv
3.51300,.10938,1.50000
3.51300,.10938,1.50781
3.51300,.10892,1.51281
3.51300,.10753,1.51781
3.51300,.10518,1.52281
3.51300,.10180,1.52781
3.51300,.09728,1.53281
3.51300,.09145,1.53781
3.51300,.08404,1.54281
3.51300,.07458,1.54781
3.51300,.06215,1.55281
3.51300,.04430,1.55781
3.51300,.04198,1.55831
3.51300,.03948,1.55881
3.51300,.03680,1.55931
3.51300,.03387,1.55981
3.51300,.03063,1.56031
3.51300,.02696,1.56081
3.51300,.02267,1.56131
3.51300,.01729,1.56181
3.51300,.00906,1.56231
3.51300,.00000,1.56250
enter
InterpCrv
3.55300,.10938,1.50000
3.55300,.10938,1.50781
3.55300,.10892,1.51281
3.55300,.10753,1.51781
3.55300,.10518,1.52281
3.55300,.10180,1.52781
3.55300,.09728,1.53281
3.55300,.09145,1.53781
3.55300,.08404,1.54281
3.55300,.07458,1.54781
3.55300,.06215,1.55281
3.55300,.04430,1.55781
3.55300,.04198,1.55831
3.55300,.03948,1.55881
3.55300,.03680,1.55931
3.55300,.03387,1.55981
3.55300,.03063,1.56031
3.55300,.02696,1.56081
3.55300,.02267,1.56131
3.55300,.01729,1.56181
3.55300,.00906,1.56231
3.55300,.00000,1.56250
enter
InterpCrv
3.59300,.10934,1.50000
3.59300,.10934,1.50781
3.59300,.10888,1.51281
3.59300,.10749,1.51781
3.59300,.10514,1.52281
3.59300,.10176,1.52781
3.59300,.09723,1.53281
3.59300,.09140,1.53781
3.59300,.08399,1.54281
3.59300,.07453,1.54781
3.59300,.06208,1.55281
3.59300,.04421,1.55781
3.59300,.04187,1.55831
3.59300,.03937,1.55881
3.59300,.03668,1.55931
3.59300,.03374,1.55981
3.59300,.03048,1.56031
3.59300,.02680,1.56081
3.59300,.02248,1.56131
3.59300,.01704,1.56181
3.59300,.00857,1.56231
3.59300,.00000,1.56248
enter
InterpCrv
3.63300,.10899,1.50000
3.63300,.10899,1.50781
3.63300,.10853,1.51281
3.63300,.10714,1.51781
3.63300,.10478,1.52281
3.63300,.10139,1.52781
3.63300,.09685,1.53281
3.63300,.09099,1.53781
3.63300,.08354,1.54281
3.63300,.07402,1.54781
3.63300,.06148,1.55281
3.63300,.04335,1.55781
3.63300,.04097,1.55831
3.63300,.03841,1.55881
3.63300,.03564,1.55931
3.63300,.03261,1.55981
3.63300,.02923,1.56031
3.63300,.02536,1.56081
3.63300,.02075,1.56131
3.63300,.01468,1.56181
3.63300,.00000,1.56231
enter
InterpCrv
3.67300,.10807,1.50000
3.67300,.10807,1.50781
3.67300,.10760,1.51281
3.67300,.10620,1.51781
3.67300,.10382,1.52281
3.67300,.10039,1.52781
3.67300,.09580,1.53281
3.67300,.08988,1.53781
3.67300,.08233,1.54281
3.67300,.07265,1.54781
3.67300,.05982,1.55281
3.67300,.04097,1.55781
3.67300,.03844,1.55831
3.67300,.03570,1.55881
3.67300,.03270,1.55931
3.67300,.02937,1.55981
3.67300,.02556,1.56031
3.67300,.02103,1.56081
3.67300,.01515,1.56131
3.67300,.00380,1.56181
3.67300,.00000,1.56185
enter
InterpCrv
3.71300,.10636,1.50000
3.71300,.10636,1.50781
3.71300,.10589,1.51281
3.71300,.10447,1.51781
3.71300,.10204,1.52281
3.71300,.09855,1.52781
3.71300,.09388,1.53281
3.71300,.08782,1.53781
3.71300,.08008,1.54281
3.71300,.07009,1.54781
3.71300,.05668,1.55281
3.71300,.03624,1.55781
3.71300,.03335,1.55831
3.71300,.03015,1.55881
3.71300,.02654,1.55931
3.71300,.02230,1.55981
3.71300,.01698,1.56031
3.71300,.00879,1.56081
3.71300,.00000,1.56099
enter
InterpCrv
3.75300,.10376,1.50000
3.75300,.10376,1.50781
3.75300,.10328,1.51281
3.75300,.10181,1.51781
3.75300,.09933,1.52281
3.75300,.09574,1.52781
3.75300,.09092,1.53281
3.75300,.08465,1.53781
3.75300,.07659,1.54281
3.75300,.06608,1.54781
3.75300,.05164,1.55281
3.75300,.02768,1.55781
3.75300,.02377,1.55831
3.75300,.01903,1.55881
3.75300,.01254,1.55931
3.75300,.00000,1.55969
enter
InterpCrv
3.79300,.10020,1.50000
3.79300,.10020,1.50781
3.79300,.09970,1.51281
3.79300,.09818,1.51781
3.79300,.09560,1.52281
3.79300,.09186,1.52781
3.79300,.08683,1.53281
3.79300,.08024,1.53781
3.79300,.07169,1.54281
3.79300,.06033,1.54781
3.79300,.04404,1.55281
3.79300,.00626,1.55781
3.79300,.00000,1.55791
enter
InterpCrv
3.83300,.09565,1.50000
3.83300,.09565,1.50781
3.83300,.09513,1.51281
3.83300,.09354,1.51781
3.83300,.09083,1.52281
3.83300,.08689,1.52781
3.83300,.08155,1.53281
3.83300,.07450,1.53781
3.83300,.06519,1.54281
3.83300,.05244,1.54781
3.83300,.03240,1.55281
3.83300,.02947,1.55331
3.83300,.02619,1.55381
3.83300,.02238,1.55431
3.83300,.01771,1.55481
3.83300,.01117,1.55531
3.83300,.00000,1.55564
enter
InterpCrv
3.87301,.09016,1.50000
3.87301,.09016,1.50781
3.87301,.08960,1.51281
3.87301,.08791,1.51781
3.87301,.08502,1.52281
3.87301,.08080,1.52781
3.87301,.07502,1.53281
3.87301,.06729,1.53781
3.87301,.05682,1.54281
3.87301,.04157,1.54781
3.87301,.00532,1.55281
3.87301,.00000,1.55289
enter
InterpCrv
3.91301,.08375,1.50000
3.91301,.08375,1.50781
3.91301,.08315,1.51281
3.91301,.08132,1.51781
3.91301,.07819,1.52281
3.91301,.07358,1.52781
3.91301,.06718,1.53281
3.91301,.05843,1.53781
3.91301,.04597,1.54281
3.91301,.02477,1.54781
3.91301,.02128,1.54831
3.91301,.01702,1.54881
3.91301,.01117,1.54931
3.91301,.00000,1.54969
enter
InterpCrv
3.95301,.07648,1.50000
3.95301,.07648,1.50781
3.95301,.07583,1.51281
3.95301,.07382,1.51781
3.95301,.07035,1.52281
3.95301,.06519,1.52781
3.95301,.05787,1.53281
3.95301,.04743,1.53781
3.95301,.03081,1.54281
3.95301,.02843,1.54331
3.95301,.02580,1.54381
3.95301,.02281,1.54431
3.95301,.01933,1.54481
3.95301,.01498,1.54531
3.95301,.00858,1.54581
3.95301,.00000,1.54605
enter
InterpCrv
3.99301,.06841,1.50000
3.99301,.06841,1.50781
3.99301,.06768,1.51281
3.99301,.06542,1.51781
3.99301,.06148,1.52281
3.99301,.05550,1.52781
3.99301,.04669,1.53281
3.99301,.03287,1.53781
3.99301,.03097,1.53831
3.99301,.02892,1.53881
3.99301,.02667,1.53931
3.99301,.02418,1.53981
3.99301,.02134,1.54031
3.99301,.01801,1.54081
3.99301,.01384,1.54131
3.99301,.00752,1.54181
3.99301,.00000,1.54202
enter
InterpCrv
4.03301,.05958,1.50000
4.03301,.05958,1.50781
4.03301,.05874,1.51281
4.03301,.05613,1.51781
4.03301,.05148,1.52281
4.03301,.04416,1.52781
4.03301,.03241,1.53281
4.03301,.03081,1.53331
4.03301,.02909,1.53381
4.03301,.02722,1.53431
4.03301,.02518,1.53481
4.03301,.02292,1.53531
4.03301,.02035,1.53581
4.03301,.01736,1.53631
4.03301,.01365,1.53681
4.03301,.00832,1.53731
4.03301,.00000,1.53760
enter
InterpCrv
4.07301,.05001,1.50000
4.07301,.05001,1.50781
4.07301,.04900,1.51281
4.07301,.04583,1.51781
4.07301,.04001,1.52281
4.07301,.03001,1.52781
4.07301,.00077,1.53281
4.07301,.00000,1.53282
enter
InterpCrv
4.11301,.03966,1.50000
4.11301,.03966,1.50781
4.11301,.03838,1.51281
4.11301,.03425,1.51781
4.11301,.02594,1.52281
4.11301,.02474,1.52331
4.11301,.02343,1.52381
4.11301,.02200,1.52431
4.11301,.02042,1.52481
4.11301,.01865,1.52531
4.11301,.01664,1.52581
4.11301,.01428,1.52631
4.11301,.01135,1.52681
4.11301,.00720,1.52731
4.11301,.00000,1.52764
enter
InterpCrv
4.15301,.02847,1.50000
4.15301,.02847,1.50781
4.15301,.02666,1.51281
4.15301,.02026,1.51781
4.15301,.01922,1.51831
4.15301,.01807,1.51881
4.15301,.01678,1.51931
4.15301,.01531,1.51981
4.15301,.01362,1.52031
4.15301,.01160,1.52081
4.15301,.00903,1.52131
4.15301,.00515,1.52181
4.15301,.00000,1.52205
enter
InterpCrv
4.19301,.01630,1.50000
4.19301,.01630,1.50781
4.19301,.01287,1.51281
4.19301,.01203,1.51331
4.19301,.01103,1.51381
4.19301,.00984,1.51431
4.19301,.00835,1.51481
4.19301,.00639,1.51531
4.19301,.00313,1.51581
4.19301,.00000,1.51596
enter
InterpCrv
4.23301,.00295,1.50000
4.23301,.00295,1.50781
4.23301,.00277,1.50831
4.23301,.00217,1.50881
4.23301,.00000,1.50929
enter
